10103
10111
11001
11002
11003
11004
11005
11007
11008
11009
11010
11011
11012
11013
11015
11017
11019
11021
11023
11024
11025
11026
11027
11029
11030
11033
11035
11037
11039
11040
11041
11043
11045
11047
11050
11051
11052
11055
11057
11059
11061
11065
11067
11069
11071
11077
11088
11090
11092
11093
11096
11097
11104
11401
11402
11403
11404
11405
11406
11423
11454
12009
12025
12051
12070
12071
12072
12101
12103
12105
12106
12107
12109
12110
12111
12112
12113
12114
12115
12116
12117
12118
12119
12120
12123
12124
12125
12126
12127
12128
12129
12131
12132
12133
12135
12136
12137
12137
12139
12140
12141
12143
12145
12147
12149
12151
12153
12157
12158
12159
12161
12163
12165
12167
12169
12170
12171
12173
12188
12201
12216
12219
12221
12223
12227
12239
12247
12261
12263
12267
12289
12290
12293
12298
12322
12336
12362
12405
12471
12471
12471
12480
12485
12490
12519
12527
12534
12542
12546
12563
12573
12581
12619
12701
12715
12729
12730
12745
12750
12766
12767
12772
12809
12811
12850
12856
12859
12869
12879
12901
12903
12903
12907
12909
12914
12921
12924
12925
12925
12927
12931
12933
12935
12939
12951
12953
12955
12959
12961
12971
12979
12989
12995
19017
19019
19023
19023
19027
19029
19037
19039
19049
19065
19115
19131
19143
19215
19311
19451
19707
22101
22102
22103
22105
22106
22107
22108
22111
22112
22131
22133
22145
22146
22150
22209
22451
22474
22602
22629
22802
22845
22848
22901
22903
22925
22925
13202
14313
14708
15017
15102
15268
15611
15645
15647
16218
16331
16339
16345
16351
16381
16529
16536
16590
16593
17001
17004
17013
17031
17057
17063
17205
17207
17214
17234
17410
17416
17610
17613
17614
17617
17618
17640
17687
17688
18029
18240
18310
18510
18610
19005
19011
