11016
11038
11056
11068
11070
11072
11094
11103
11106
11108
11109
11110
12003
12033
12036
12104
12108
12144
12162
12166
12168
12174
12178
12179
12180
12184
12194
12195
12209
12225
12229
12231
12233
12237
12271
12275
12279
12294
12320
12334
12403
12404
12417
12419
12447
12451
12469
12511
12531
12532
12533
12535
12538
12540
12541
12547
12555
12559
12564
12587
12589
12591
12593
12944
13106
13134
13138
13345
13508
13510
14013
14109
14110
14113
14115
14123
14124
14125
14126
14163
14164
14201
14202
14203
14204
14205
14207
14209
14210
14211
14213
14214
14215
14216
14217
14227
14228
14235
14236
14257
14260
14265
14307
14308
14311
14314
14315
14321
14370
14511
14512
14546
14555
14723
14853
14863
14865
15003
15004
15005
15007
15008
15009
15011
15015
15018
15019
15020
15022
15023
15028
15037
15038
15039
15040
15041
15042
15045
15048
15050
15052
15103
15104
15106
15108
15110
15112
15204
15307
15308
15309
15310
15311
15312
15313
15314
15315
15316
15319
15320
15321
15322
16094
18192
18202
18204
18206
18312
18513
18612
18614
19038
19168
19404
19408
19410
19570
19604
21067
21068
21108
22104
22132
22407
